013690
026764
006789
004057
012889
020650
009882
009819
013747
019641
007307
007786
014337
003385
018026
000157
013046
011416
019151
014734
001910
027654
008555
000525
009599
020367
027750
008865
009355
000313
020199
011513
022249
025737
030340
019381
014547
023415
024366
030483
005406
008163
021929
022814
027154
015131
021286
026532
027855
003419
018975
028897
023083
002525
024803
022319
011234
002613
022480
017452
012658
021387
024473
013666
029820
000996
021017
003044
030848
018699
012045
001500
017297
028821
011303
002165
005511
017837
024984
020939
023800
028918
028532
026380
006780
003655
004777
030715
027388
007525
013076
007848
030928
004447
026189
028034
021608
028007
025985
000202
012212
006372
003253
018229
020875
029318
002838
008223
016128
011470
001953
008798
012530
014674
026742
024174
011857
015028
007122
018497
010782
022954
002828
010142
018895
006150
023524
010468
021853
023757
000612
011464
014452
010700
009563
020357
016057
021209
013240
001379
019575
028600
008768
025582
030126
016799
003994
029603
002717
009131
028646
022175
004160
012364
019831
012335
004090
005879
025006
009907
025315
005768
018678
025411
026398
013667
003062
027623
005112
020081
009585
014691
021789
007004
013578
019841
001850
016965
014878
012914
018513
024261
030831
030536
024633
020866
005788
007419
008184
000294
019071
025695
029575
026734
000853
002631
024270
000340
017787
029464
001949
005114
005631
026623
008374
014523
015800
000785
028858
010312
017222
009160
015178
002024
007405
003297
025093
012515
011725
014299
019081
029082
004842
020413
026230
023278
018959
008126
008317
020620
012913
019102
030330
028491
010255
008504
014102
026655
005077
012686
020898
002836
018207
010931
005987
001928
004877
007685
017181
020821
014238
011723
015811
013033
004770
026016
020004
020809
018626
020712
002143
014476
004859
026706
009722
005638
022073
024970
000036
018003
028222
007491
024677
014406
014636
017930
022940
025975
004682
015654
010658
008311
005042
008978
006543
025493
015180
028575
008580
026865
027329
010699
022059
018986
019521
010231
007484
004983
022777
021269
019019
001531
008220
001012
006050
029162
013804
010746
015271
005801
025896
014896
000460
024247
025360
029157
023346
008262
010017
014229
001234
019496
006063
023693
003078
020462
017699
004628
023151
009107
022268
015444
027815
013368
012494
005811
028771
002102
023986
003064
025356
016213
007572
012876
018383
006752
012013
009840
016884
028455
025190
016210
026609
016356
028226
027408
027904
006172
023886
004315
014007
022904
017423
009060
012811
016282
012315
017650
017849
005981
021130
030456
005969
002846
019014
024159
019810
008104
028665
024170
022833
020393
008235
002219
010786
018010
010263
011431
007441
027143
026945
021312
030872
003431
014789
021452
002393
019767
007116
011078
021626
021988
001398
028776
019414
030749
018069
026155
018177
012923
016943
022190
003857
011152
010463
014526
003483
008544
006976
000122
016890
008916
000298
012117
006203
004627
023523
018303
012264
009284
006086
012845
019658
003123
012149
000793
014877
019265
001078
028651
018202
028515
028838
029262
030685
025741
026281
029599
001094
009549
005371
003861
014577
017677
015588
006665
002265
018731
008801
024895
004985
006772
009729
028738
011950
015616
011645
014572
000682
007046
024226
010764
026582
004495
010561
027416
011966
015524
010466
004385
004556
024787
010405
011415
023245
004550
015398
010074
028966
015982
006821
021736
009980
003469
020997
004626
014478
007846
004283
011469
010872
023011
016471
003006
000245
021234
017624
030946
010618
026019
024391
001796
021696
025197
000270
018691
003859
025023
024367
007541
022795
030873
023482
023771
030837
028592
028066
009053
006449
006884
008477
025015
019447
029308
018857
025591
006965
011047
002720
028435
021572
008128
017056
024302
021800
006503
022243
025642
010175
018632
028725
017940
024044
006914
001017
025857
006465
003790
028059
013177
026800
016850
003278
020855
028191
006017
009063
017274
029207
014310
027215
024055
014079
005617
008722
025583
023046
001417
001674
007992
001081
022566
021566
024691
013416
014497
027049
022389
025820
007247
003949
019132
004306
009050
026725
015462
030173
015859
004325
027500
008088
005578
008297
015690
025207
015390
020651
012101
002686
020433
018657
024956
009287
008602
005318
025944
013032
001768
002107
010804
017015
006241
020717
011613
011865
002567
001388
023042
018937
007901
008674
030379
012755
011473
023328
017954
021660
001053
002599
023676
000216
008299
030061
027760
007856
013219
024692
011018
004943
028599
011557
002154
022282
025212
016175
012300
000547
000300
030886
014152
017492
000362
003696
017481
012303
014813
017033
014738
018386
000265
020625
014642
004584
017031
010171
002157
005419
030022
018970
009408
020612
014684
003855
012934
018460
010967
000015